image_width: 320
image_height: 240
camera_name: 0800286000000000
camera_matrix:
  rows: 3
  cols: 3
  data: [585.864, 0, 89.3706, 0, 586.345, 140.211, 0, 0, 1]
distortion_coefficients:
  rows: 1
  cols: 5
  data: [-0.577872, 0.831361, -0.0176248, 0.0194596, 0]
rectification_matrix:
  rows: 3
  cols: 3
  data: [1, 0, 0, 0, 1, 0, 0, 0, 1]
projection_matrix:
  rows: 3
  cols: 4
  data: [585.864, 0, 89.3706, 0, 0, 586.345, 140.211, 0, 0, 0, 1, 0]