image_width: 320
image_height: 240
camera_name: 0800286000000000
camera_matrix:
  rows: 3
  cols: 3
  data: [571.897, 0, 118.309, 0, 580.711, 97.2799, 0, 0, 1]
distortion_coefficients:
  rows: 1
  cols: 5
  data: [-0.38962, 0.263456, -0.00332745, 0.0120375, 0]
rectification_matrix:
  rows: 3
  cols: 3
  data: [1, 0, 0, 0, 1, 0, 0, 0, 1]
projection_matrix:
  rows: 3
  cols: 4
  data: [571.897, 0, 118.309, 0, 0, 580.711, 97.2799, 0, 0, 0, 1, 0]